20185088 
22085632 
28901376 
37027840 
32636928 
55902208 
55246848 
28377088 
35979264 
65929216 
61014016 
28770304 
36896768 
26935296 
3932160 
42467328 
51576832 
52887552 
32899072 
48955392 
25362432 
17104896 
40370176 
13500416 
19726336 
35586048 
24510464 
4390912 
28246016 
57999360 
39321600 
12910592 
3866624 
63897600 
16449536 
3080192 
36634624 
16842752 
47251456 
38076416 
66256896 
11075584 
57933824 
31129600 
64356352 
786432 
46137344 
21692416 
22347776 
64487424 
30605312 
61407232 
30277632 
18087936 
26673152 
19791872 
33292288 
65208320 
65929216 
43515904 
24248320 
20512768 
64290816 
13565952 
28442624 
65929216 
22020096 
6160384 
24379392 
60882944 
12189696 
33423360 
45875200 
59899904 
35061760 
39583744 
57606144 
17039360 
46530560 
49414144 
31457280 
34471936 
44564480 
9633792 
21626880 
64028672 
20185088 
52887552 
14483456 
2293760 
64946176 
62128128 
